B101,10,0,0,100,0,0;;
B108,0,0,10,300,0,0;;
B108,0,0,10,-300,0,0;;
B108,10,0,0,0,0,300;;
B108,10,0,0,0,0,-300;;
B105,10,0,0,-100,0,0;;
E1,-4,0,-9,298,0,213;;
E1,-3,0,-9,261,0,73;;
E1,6,0,7,27,0,383;;
E1,3,0,9,-251,0,215;;
E1,-8,0,5,-6,0,-284;;
E1,1,0,9,-267,0,196;;
E1,0,0,-9,48,0,169;;
E1,6,0,-7,-136,0,104;;
E1,7,0,-6,-117,0,118;;
E1,5,0,8,-238,0,-144;;
E1,3,0,-9,67,0,228;;
E1,-7,0,-6,164,0,10;;
E1,3,0,-9,346,0,86;;
E1,4,0,-8,43,0,157;;
E1,-8,0,-5,236,0,82;;
E1,0,0,9,-113,0,-97;;
E1,-9,0,4,-286,0,98;;
E1,9,0,3,-71,0,-257;;
E1,9,0,3,191,0,-317;;
E1,1,0,9,37,0,-410;;
