B101,10,0,0,100,0,0;;
B108,0,0,10,300,0,0;;
B108,0,0,10,-300,0,0;;
B108,10,0,0,0,0,300;;
B108,10,0,0,0,0,-300;;
B105,10,0,0,-100,0,0;;
E2,0,0,10,-99,0,175;;
E2,0,0,10,151,0,-35;;
E2,0,0,10,120,0,78;;
E2,0,0,10,23,0,-171;;
E2,0,0,10,106,0,-70;;
E2,0,0,10,198,0,-205;;
E2,-10,0,0,93,0,-33;;
E2,0,0,10,-69,0,-130;;
E2,0,0,10,-99,0,8;;
E2,0,0,10,-241,0,-175;;
E2,0,0,10,157,0,-108;;
E2,5,0,8,-42,0,30;;
E2,0,0,10,157,0,228;;
E2,0,0,10,-190,0,-143;;
E2,0,0,10,-103,0,-186;;
E2,0,0,10,135,0,-24;;
E2,-9,0,-1,0,0,0;;
E2,0,0,10,-93,0,231;;
E2,0,0,10,-232,0,-4;;
E2,0,0,10,229,0,104;;
