B201,10,0,0,653,0,488;;
B201,10,0,0,-97,0,1831;;
B201,10,0,0,140,0,2018;;
B201,10,0,0,-379,0,807;;
B201,10,0,0,1483,0,2121;;
B201,10,0,0,1589,0,347;;
B201,10,0,0,540,0,-1954;;
B201,10,0,0,-2476,0,1109;;
B201,10,0,0,-1866,0,-1412;;
B201,10,0,0,975,0,902;;
B201,10,0,0,194,0,635;;
B201,10,0,0,313,0,-2118;;
B201,10,0,0,-1531,0,-2279;;
B201,10,0,0,-185,0,-2435;;
B201,10,0,0,-2138,0,999;;
B201,10,0,0,-2287,0,-342;;
B201,10,0,0,-1314,0,-1104;;
B201,10,0,0,-1959,0,-728;;
B201,10,0,0,1865,0,529;;
B201,10,0,0,1170,0,785;;
B201,10,0,0,734,0,-913;;
B201,10,0,0,-1222,0,-53;;
B201,10,0,0,-1260,0,2062;;
B201,10,0,0,658,0,123;;
B201,10,0,0,-5,0,-846;;
B201,10,0,0,-962,0,-1153;;
B201,10,0,0,-334,0,-117;;
B201,10,0,0,-1636,0,2416;;
B201,10,0,0,104,0,-1198;;
B201,10,0,0,5,0,1039;;
B201,10,0,0,50,0,984;;
B201,10,0,0,1144,0,-1644;;
B201,10,0,0,1325,0,772;;
B201,10,0,0,26,0,-1376;;
B201,10,0,0,1564,0,1579;;
B201,10,0,0,1082,0,-219;;
B201,10,0,0,474,0,1069;;
B201,10,0,0,-2413,0,1478;;
B201,10,0,0,-1857,0,-1416;;
B201,10,0,0,-1763,0,517;;
B201,10,0,0,-63,0,-990;;
B201,10,0,0,139,0,1508;;
B201,10,0,0,218,0,-1053;;
B201,10,0,0,1070,0,-237;;
B201,10,0,0,-172,0,-2082;;
B201,10,0,0,-24,0,1379;;
B201,10,0,0,-165,0,1016;;
B201,10,0,0,2487,0,-2488;;
B201,10,0,0,-1302,0,162;;
B201,10,0,0,-337,0,1726;;
B201,10,0,0,376,0,-895;;
B201,10,0,0,1427,0,1087;;
B201,10,0,0,649,0,-949;;
B201,10,0,0,-650,0,25;;
B201,10,0,0,-1530,0,-1722;;
B201,10,0,0,-2030,0,1155;;
B201,10,0,0,417,0,-904;;
B201,10,0,0,-1533,0,-1548;;
B201,10,0,0,1369,0,2164;;
B201,10,0,0,1857,0,-1979;;
B201,10,0,0,2064,0,-701;;
B201,10,0,0,-335,0,-494;;
B201,10,0,0,41,0,-1971;;
B201,10,0,0,1868,0,-163;;
B201,10,0,0,-1639,0,-1173;;
B201,10,0,0,-781,0,-2202;;
B201,10,0,0,1322,0,2479;;
B201,10,0,0,2043,0,-1980;;
B201,10,0,0,413,0,276;;
B201,10,0,0,-1077,0,660;;
B201,10,0,0,2157,0,1472;;
B201,10,0,0,-2255,0,-732;;
B201,10,0,0,-1488,0,-1269;;
B201,10,0,0,396,0,1026;;
B201,10,0,0,1445,0,2455;;
B201,10,0,0,-194,0,1683;;
B201,10,0,0,-701,0,193;;
B201,10,0,0,1256,0,-369;;
B201,10,0,0,-225,0,-462;;
B201,10,0,0,1929,0,-1698;;
B201,10,0,0,2442,0,1474;;
B201,10,0,0,751,0,20;;
B201,10,0,0,-1849,0,-515;;
B201,10,0,0,182,0,-2244;;
B201,10,0,0,284,0,-1557;;
B201,10,0,0,-1222,0,-2171;;
B201,10,0,0,391,0,569;;
B201,10,0,0,-276,0,362;;
B201,10,0,0,1939,0,-1385;;
B201,10,0,0,-863,0,1173;;
B201,10,0,0,-1941,0,-672;;
B201,10,0,0,-156,0,2119;;
B201,10,0,0,-2441,0,1092;;
B201,10,0,0,-77,0,296;;
B201,10,0,0,-641,0,-1140;;
B201,10,0,0,247,0,-1706;;
B201,10,0,0,-201,0,2078;;
B201,10,0,0,1873,0,-1753;;
B201,10,0,0,1913,0,2086;;
B201,10,0,0,-2045,0,2368;;
B201,10,0,0,-145,0,-2174;;
B201,10,0,0,-1898,0,1930;;
B201,10,0,0,-861,0,1373;;
B201,10,0,0,1666,0,-2399;;
B201,10,0,0,-1543,0,-78;;
B201,10,0,0,1057,0,263;;
E8,0,0,10,5,5,5;;
E8,0,0,10,5,5,5;;
E8,0,0,10,5,5,5;;
E8,0,0,10,5,5,5;;
E8,0,0,10,5,5,5;;
