B101,10,0,0,100,0,0;;
B108,0,0,10,300,0,0;;
B108,0,0,10,-300,0,0;;
B108,10,0,0,0,0,300;;
B108,10,0,0,0,0,-300;;
B105,10,0,0,-100,0,0;;
E2,0,0,10,-193,0,-21;;
E2,0,0,10,-226,0,-112;;
E2,0,0,10,285,0,-281;;
E2,0,0,10,323,0,-213;;
E2,0,0,10,103,0,36;;
E2,0,0,10,98,0,58;;
E2,0,0,10,292,0,-251;;
E2,0,0,10,304,0,-251;;
E2,0,0,10,50,0,-360;;
E2,0,0,10,129,0,-359;;
E2,0,0,10,104,0,-154;;
E2,0,0,10,169,0,-38;;
E2,0,0,10,-137,0,-220;;
E2,0,0,10,-84,0,-92;;
E2,0,0,10,170,0,-163;;
E2,0,0,10,208,0,-199;;
E2,0,0,10,-68,0,-6;;
E2,0,0,10,29,0,-155;;
E2,0,0,10,60,0,152;;
E2,0,0,10,-333,0,279;;
