B201,10,0,0,987,0,-893;;
B201,10,0,0,-2427,0,2065;;
B201,10,0,0,-1180,0,-2082;;
B201,10,0,0,1466,0,1783;;
B201,10,0,0,-1047,0,-624;;
B201,10,0,0,2300,0,-444;;
B201,10,0,0,1717,0,1951;;
B201,10,0,0,1320,0,1318;;
B201,10,0,0,2002,0,211;;
B201,10,0,0,858,0,-329;;
B201,10,0,0,-2434,0,578;;
B201,10,0,0,993,0,-2094;;
B201,10,0,0,-1531,0,1750;;
B201,10,0,0,-1989,0,2159;;
B201,10,0,0,1204,0,-872;;
B201,10,0,0,-1405,0,1866;;
B201,10,0,0,-360,0,415;;
B201,10,0,0,-477,0,2034;;
B201,10,0,0,1349,0,1360;;
B201,10,0,0,-1370,0,762;;
B201,10,0,0,-595,0,-963;;
B201,10,0,0,972,0,-790;;
B201,10,0,0,-2070,0,1625;;
B201,10,0,0,-942,0,378;;
B201,10,0,0,-1628,0,821;;
B201,10,0,0,-1083,0,-1246;;
B201,10,0,0,1330,0,46;;
B201,10,0,0,2377,0,834;;
B201,10,0,0,-3,0,640;;
B201,10,0,0,2265,0,2316;;
B201,10,0,0,2418,0,-620;;
B201,10,0,0,-1933,0,1411;;
B201,10,0,0,-2339,0,1781;;
B201,10,0,0,144,0,2217;;
B201,10,0,0,158,0,-1017;;
B201,10,0,0,2357,0,628;;
B201,10,0,0,791,0,-2253;;
B201,10,0,0,-375,0,-1813;;
B201,10,0,0,-1012,0,718;;
B201,10,0,0,-677,0,-444;;
B201,10,0,0,1800,0,1154;;
B201,10,0,0,774,0,-63;;
B201,10,0,0,-535,0,-551;;
B201,10,0,0,367,0,1052;;
B201,10,0,0,756,0,1014;;
B201,10,0,0,130,0,1112;;
B201,10,0,0,-160,0,1801;;
B201,10,0,0,1119,0,-431;;
B201,10,0,0,687,0,-749;;
B201,10,0,0,-488,0,-2236;;
B201,10,0,0,1060,0,-786;;
B201,10,0,0,37,0,1988;;
B201,10,0,0,-2317,0,1693;;
B201,10,0,0,2408,0,1931;;
B201,10,0,0,-2210,0,1719;;
B201,10,0,0,1001,0,-2007;;
B201,10,0,0,-761,0,-1135;;
B201,10,0,0,-1291,0,-2104;;
B201,10,0,0,2360,0,-1516;;
B201,10,0,0,420,0,2151;;
B201,10,0,0,1106,0,582;;
B201,10,0,0,-1644,0,1740;;
B201,10,0,0,1036,0,419;;
B201,10,0,0,2142,0,651;;
B201,10,0,0,-1702,0,2051;;
B201,10,0,0,-1385,0,1125;;
B201,10,0,0,-635,0,-2408;;
B201,10,0,0,186,0,-1301;;
B201,10,0,0,-518,0,-732;;
B201,10,0,0,471,0,2119;;
B201,10,0,0,-2272,0,-1072;;
B201,10,0,0,361,0,2166;;
B201,10,0,0,304,0,1967;;
B201,10,0,0,-1076,0,2205;;
B201,10,0,0,-1660,0,1975;;
B201,10,0,0,1882,0,-1689;;
B201,10,0,0,2165,0,-1883;;
B201,10,0,0,-2390,0,1773;;
B201,10,0,0,-817,0,-912;;
B201,10,0,0,-468,0,843;;
B201,10,0,0,332,0,877;;
B201,10,0,0,380,0,-1651;;
B201,10,0,0,-1049,0,-1102;;
B201,10,0,0,-933,0,1963;;
B201,10,0,0,-1054,0,2097;;
B201,10,0,0,1895,0,-2018;;
B201,10,0,0,-411,0,37;;
B201,10,0,0,406,0,-1136;;
B201,10,0,0,246,0,1574;;
B201,10,0,0,-194,0,-1916;;
B201,10,0,0,2179,0,-1315;;
B201,10,0,0,1246,0,-2184;;
B201,10,0,0,-1744,0,-2197;;
B201,10,0,0,-942,0,2282;;
B201,10,0,0,-1167,0,-2474;;
B201,10,0,0,2279,0,-1024;;
B201,10,0,0,2088,0,-1102;;
B201,10,0,0,1838,0,975;;
B201,10,0,0,1937,0,-106;;
B201,10,0,0,-507,0,-1117;;
B201,10,0,0,1859,0,530;;
B201,10,0,0,1052,0,-1830;;
B201,10,0,0,-1024,0,-25;;
B201,10,0,0,-284,0,402;;
B201,10,0,0,1270,0,-972;;
E8,0,0,10,5,5,5;;
E8,0,0,10,5,5,5;;
E8,0,0,10,5,5,5;;
E8,0,0,10,5,5,5;;
E8,0,0,10,5,5,5;;
