B101,10,0,0,100,0,0;;
B108,0,0,10,300,0,0;;
B108,0,0,10,-300,0,0;;
B108,10,0,0,0,0,300;;
B108,10,0,0,0,0,-300;;
B105,10,0,0,-100,0,0;;
E2,0,0,10,635,0,861;;
E2,0,0,10,939,0,388;;
E2,0,0,10,905,0,-167;;
E2,0,0,10,-571,0,-875;;
E2,0,0,10,-924,0,-853;;
E2,0,0,10,616,0,996;;
E2,0,0,10,-985,0,-988;;
<<<<<<< HEAD
E2,-3,0,9,106,0,41;;
=======
>>>>>>> e00f12e9a494cc7ba84848e94e65774b63d590aa
E2,0,0,10,471,0,662;;
E2,1,0,-9,259,0,-441;;
E2,0,0,10,-51,0,1012;;
<<<<<<< HEAD
E2,0,0,10,-1116,0,-458;;
E2,0,0,10,558,0,-778;;
E2,0,0,10,857,0,-656;;
E2,0,0,10,8,0,-718;;
E2,0,0,10,271,0,641;;
E2,0,0,10,-1268,0,-632;;
E2,0,0,10,-1225,0,-34;;
E2,0,0,10,-691,0,1357;;
=======
E2,5,0,-8,-150,0,638;;
E2,0,0,10,-1116,0,-458;;
E2,9,0,-2,444,0,-300;;
E2,0,0,10,857,0,-656;;
E2,0,0,10,8,0,-718;;
E2,0,0,10,271,0,641;;
E2,0,0,10,184,0,443;;
E2,0,0,10,154,0,-638;;
E2,0,0,10,0,0,990;;
>>>>>>> e00f12e9a494cc7ba84848e94e65774b63d590aa
