B114,10,0,0,-1972,0,-209;;
B114,10,0,0,258,0,-1286;;
B114,10,0,0,-1521,0,169;;
B114,10,0,0,1748,0,-78;;
B114,10,0,0,-1132,0,1860;;
B114,10,0,0,-142,0,1445;;
B114,10,0,0,-1373,0,-939;;
B114,10,0,0,1492,0,155;;
B114,10,0,0,-1378,0,-1116;;
B114,10,0,0,1141,0,844;;
B114,10,0,0,-73,0,-314;;
B114,10,0,0,1144,0,1174;;
B114,10,0,0,-1834,0,197;;
B114,10,0,0,-1803,0,-760;;
B114,10,0,0,-1652,0,1739;;
B114,10,0,0,1284,0,1460;;
B114,10,0,0,-1464,0,-556;;
B114,10,0,0,1928,0,-1677;;
B114,10,0,0,-1579,0,-1535;;
B114,10,0,0,-1684,0,210;;
B114,10,0,0,-1525,0,-1112;;
B114,10,0,0,-1090,0,-1337;;
B114,10,0,0,9,0,1158;;
B114,10,0,0,-1938,0,1293;;
B114,10,0,0,1350,0,78;;
B114,10,0,0,983,0,1015;;
B114,10,0,0,-1440,0,1947;;
B114,10,0,0,-1580,0,-401;;
B114,10,0,0,1658,0,-22;;
B114,10,0,0,-55,0,1370;;
B114,10,0,0,-1471,0,-480;;
B114,10,0,0,1435,0,-907;;
B114,10,0,0,1214,0,1000;;
B114,10,0,0,1603,0,-16;;
B114,10,0,0,1256,0,1914;;
B114,10,0,0,-301,0,1689;;
B114,10,0,0,-1892,0,1944;;
B114,10,0,0,442,0,1406;;
B114,10,0,0,-1868,0,-1412;;
B114,10,0,0,-1404,0,246;;
B114,10,0,0,-1146,0,-623;;
B114,10,0,0,1432,0,236;;
B114,10,0,0,-575,0,1726;;
B114,10,0,0,-1630,0,-438;;
B114,10,0,0,1543,0,-1492;;
B114,10,0,0,-1506,0,-965;;
B114,10,0,0,1004,0,-1093;;
B114,10,0,0,-1748,0,137;;
B114,10,0,0,970,0,-1639;;
B114,10,0,0,-1215,0,-980;;
B114,10,0,0,-1970,0,698;;
B114,10,0,0,1670,0,1571;;
B114,10,0,0,-102,0,-494;;
B114,10,0,0,1128,0,-444;;
B114,10,0,0,-679,0,-667;;
B114,10,0,0,-1745,0,-1497;;
B114,10,0,0,-545,0,-364;;
B114,10,0,0,1146,0,925;;
B114,10,0,0,820,0,577;;
B114,10,0,0,1533,0,878;;
B114,10,0,0,1141,0,599;;
B114,10,0,0,-913,0,1388;;
B114,10,0,0,-1085,0,-1803;;
B114,10,0,0,1814,0,-147;;
B114,10,0,0,1535,0,-892;;
B114,10,0,0,148,0,-578;;
B114,10,0,0,406,0,70;;
B114,10,0,0,-371,0,338;;
B114,10,0,0,1313,0,1694;;
B114,10,0,0,-216,0,717;;
B114,10,0,0,1600,0,1810;;
B114,10,0,0,339,0,-768;;
B114,10,0,0,-78,0,1609;;
B114,10,0,0,-327,0,-1296;;
B114,10,0,0,-1025,0,-218;;
B114,10,0,0,196,0,1510;;
B114,10,0,0,-1807,0,-1905;;
B114,10,0,0,-985,0,1321;;
B114,10,0,0,-1651,0,945;;
B114,10,0,0,5,0,-249;;
B114,10,0,0,-579,0,-1026;;
B114,10,0,0,-664,0,1907;;
B114,10,0,0,1131,0,1949;;
B114,10,0,0,1673,0,-1425;;
B114,10,0,0,-1774,0,-1079;;
B114,10,0,0,137,0,-1925;;
B114,10,0,0,1934,0,889;;
B114,10,0,0,-1020,0,985;;
B114,10,0,0,-1750,0,-110;;
B114,10,0,0,715,0,-876;;
B114,10,0,0,921,0,-1164;;
B114,10,0,0,1161,0,-193;;
B114,10,0,0,483,0,1720;;
B114,10,0,0,-1379,0,556;;
B114,10,0,0,-1867,0,341;;
B114,10,0,0,-1976,0,-1595;;
B114,10,0,0,-709,0,-339;;
B114,10,0,0,-1916,0,-64;;
B114,10,0,0,-1442,0,-1191;;
B114,10,0,0,-472,0,-866;;
B114,10,0,0,-1310,0,479;;
B114,10,0,0,-814,0,-1435;;
B114,10,0,0,111,0,41;;
B114,10,0,0,-238,0,-360;;
B114,10,0,0,1681,0,120;;
E8,4,0,8,-116,0,319;;
E8,2,0,-9,34,0,92;;
E8,-8,0,-5,-167,0,-441;;
E8,9,0,-1,169,0,377;;
E8,-1,0,9,-136,0,61;;
E8,9,0,1,-154,0,-173;;
E9,-9,0,1,-63,0,89;;
E9,-6,0,-7,165,0,-265;;
E9,-9,0,-3,0,0,-13;;
E9,-9,0,4,-183,0,-224;;
E8,-9,0,2,42,0,121;;
E8,-9,0,0,-59,0,35;;
E9,-7,0,-6,-12,0,816;;
E8,9,0,-2,590,0,187;;
E8,2,0,-9,488,0,333;;
E8,6,0,-7,509,0,264;;
E9,6,0,-7,279,0,109;;
E8,4,0,-8,-53,0,340;;
E8,8,0,-5,-107,0,385;;
E9,-7,0,6,-242,0,-167;;
