B105,10,0,0,0,0,0;;
B201,10,0,0,2355,0,-1925;;
B201,10,0,0,718,0,-2173;;
B201,10,0,0,749,0,-811;;
B201,10,0,0,-209,0,122;;
B201,10,0,0,1379,0,-96;;
B201,10,0,0,-2431,0,-795;;
B201,10,0,0,2040,0,-183;;
B201,10,0,0,-314,0,2462;;
B201,10,0,0,-25,0,-370;;
B201,10,0,0,608,0,-2475;;
B201,10,0,0,-2218,0,846;;
B201,10,0,0,-184,0,-1479;;
B201,10,0,0,1923,0,-935;;
B201,10,0,0,855,0,1134;;
B201,10,0,0,-1262,0,-1572;;
B201,10,0,0,1407,0,-975;;
B201,10,0,0,1077,0,267;;
B201,10,0,0,2289,0,2281;;
B201,10,0,0,-348,0,-44;;
B201,10,0,0,-228,0,1715;;
B201,10,0,0,2484,0,-1488;;
B201,10,0,0,-1031,0,696;;
B201,10,0,0,970,0,292;;
B201,10,0,0,-962,0,2097;;
B201,10,0,0,-1535,0,-1308;;
B201,10,0,0,1487,0,-1976;;
B201,10,0,0,-1612,0,-1187;;
B201,10,0,0,-2295,0,10;;
B201,10,0,0,260,0,-2181;;
B201,10,0,0,-1365,0,-2201;;
B201,10,0,0,2168,0,-2162;;
B201,10,0,0,1035,0,214;;
B201,10,0,0,23,0,904;;
B201,10,0,0,849,0,2214;;
B201,10,0,0,1065,0,473;;
B201,10,0,0,870,0,-1641;;
B201,10,0,0,452,0,-2110;;
B201,10,0,0,775,0,386;;
B201,10,0,0,1653,0,-507;;
B201,10,0,0,1704,0,1109;;
B201,10,0,0,-1581,0,-1047;;
B201,10,0,0,-1890,0,431;;
B201,10,0,0,-367,0,915;;
B201,10,0,0,-1403,0,-1073;;
B201,10,0,0,2240,0,-845;;
B201,10,0,0,1210,0,1218;;
B201,10,0,0,-1740,0,504;;
B201,10,0,0,1296,0,1450;;
B201,10,0,0,2207,0,-809;;
B201,10,0,0,461,0,-2246;;
B201,10,0,0,553,0,1295;;
B201,10,0,0,1851,0,126;;
B201,10,0,0,-1577,0,-105;;
B201,10,0,0,-2445,0,2185;;
E7,-2103,0,850,-148,0,136;;
E7,366,0,2220,98,0,273;;
E7,1106,0,-1819,172,0,-130;;
E7,-1273,0,620,-65,0,113;;
E7,-3003,0,-2099,-238,0,-158;;
