B101,10,0,0,100,0,0;;
B108,0,0,10,300,0,0;;
B108,0,0,10,-300,0,0;;
B108,10,0,0,0,0,300;;
B108,10,0,0,0,0,-300;;
B105,10,0,0,-100,0,0;;
E1,2,0,9,-1802,0,-3864;;
E1,0,0,9,-2113,0,-2862;;
E1,5,0,8,4251,0,-5012;;
E1,4,0,9,1866,0,4499;;
E1,6,0,-7,3288,0,-4127;;
E1,-9,0,-2,3366,0,-1317;;
E1,9,0,-2,3580,0,-2461;;
E1,-9,0,-2,3905,0,-859;;
E1,5,0,-8,4286,0,-6316;;
E1,1,0,-9,-462,0,-4736;;
E1,-9,0,1,3935,0,-803;;
E1,1,0,-9,-861,0,-4799;;
E1,-5,0,8,1147,0,-3641;;
E1,-1,0,9,-636,0,3912;;
E1,5,0,-8,948,0,-2315;;
E1,-4,0,8,-278,0,912;;
E1,9,0,2,-345,0,-350;;
E1,8,0,-5,768,0,-515;;
E1,8,0,-5,706,0,-541;;
E1,5,0,-8,125,0,-789;;
