B114,10,0,0,1499,0,-1133;;
B114,10,0,0,858,0,1736;;
B114,10,0,0,-971,0,600;;
B114,10,0,0,-1379,0,-1026;;
B114,10,0,0,1548,0,346;;
B114,10,0,0,-693,0,-1954;;
B114,10,0,0,218,0,357;;
B114,10,0,0,1628,0,1431;;
B114,10,0,0,1413,0,306;;
B114,10,0,0,885,0,1679;;
B114,10,0,0,386,0,-995;;
B114,10,0,0,-708,0,-1602;;
B114,10,0,0,-455,0,1677;;
B114,10,0,0,1233,0,-1863;;
B114,10,0,0,1761,0,6;;
B114,10,0,0,1204,0,1638;;
B114,10,0,0,-1376,0,-135;;
B114,10,0,0,1476,0,-1527;;
B114,10,0,0,1549,0,-1368;;
B114,10,0,0,-481,0,-1348;;
B114,10,0,0,-1855,0,1955;;
B114,10,0,0,212,0,433;;
B114,10,0,0,1674,0,782;;
B114,10,0,0,473,0,1064;;
B114,10,0,0,1280,0,9;;
B114,10,0,0,-700,0,1540;;
B114,10,0,0,-233,0,859;;
B114,10,0,0,-74,0,1029;;
B114,10,0,0,1438,0,-1961;;
B114,10,0,0,-382,0,1671;;
B114,10,0,0,949,0,-111;;
B114,10,0,0,608,0,1970;;
B114,10,0,0,286,0,1665;;
B114,10,0,0,-1599,0,951;;
B114,10,0,0,255,0,-69;;
B114,10,0,0,399,0,1521;;
B114,10,0,0,-60,0,-1344;;
B114,10,0,0,1909,0,-40;;
B114,10,0,0,-1783,0,-339;;
B114,10,0,0,-1763,0,504;;
B114,10,0,0,1334,0,1506;;
B114,10,0,0,-1606,0,495;;
B114,10,0,0,-1805,0,-1817;;
B114,10,0,0,1536,0,709;;
B114,10,0,0,-459,0,-108;;
B114,10,0,0,544,0,-1191;;
B114,10,0,0,1273,0,-374;;
B114,10,0,0,-1735,0,-948;;
B114,10,0,0,-318,0,562;;
B114,10,0,0,74,0,464;;
B114,10,0,0,1809,0,-1056;;
B114,10,0,0,1631,0,1790;;
B114,10,0,0,-232,0,-1152;;
B114,10,0,0,339,0,-246;;
B114,10,0,0,-1675,0,677;;
B114,10,0,0,662,0,-1603;;
B114,10,0,0,-977,0,1501;;
B114,10,0,0,300,0,354;;
B114,10,0,0,1693,0,-998;;
B114,10,0,0,1620,0,-1447;;
B114,10,0,0,-1424,0,1630;;
B114,10,0,0,-1016,0,1495;;
B114,10,0,0,1700,0,1168;;
B114,10,0,0,1672,0,-1836;;
B114,10,0,0,1270,0,1012;;
B114,10,0,0,-1899,0,-1005;;
B114,10,0,0,-1728,0,-29;;
B114,10,0,0,-1699,0,-24;;
B114,10,0,0,-1031,0,1644;;
B114,10,0,0,1334,0,1470;;
B114,10,0,0,1496,0,-1517;;
B114,10,0,0,1158,0,320;;
B114,10,0,0,-303,0,-1885;;
B114,10,0,0,1103,0,-1628;;
B114,10,0,0,-1999,0,-245;;
B114,10,0,0,-1973,0,1501;;
B114,10,0,0,311,0,-1368;;
B114,10,0,0,908,0,-747;;
B114,10,0,0,59,0,-1443;;
B114,10,0,0,-1925,0,534;;
B114,10,0,0,-1270,0,-597;;
B114,10,0,0,-894,0,1254;;
B114,10,0,0,90,0,1772;;
B114,10,0,0,25,0,983;;
B114,10,0,0,1885,0,-689;;
B114,10,0,0,-1843,0,-1253;;
B114,10,0,0,-1902,0,923;;
B114,10,0,0,-1331,0,-730;;
B114,10,0,0,1588,0,1928;;
B114,10,0,0,118,0,512;;
B114,10,0,0,667,0,-621;;
B114,10,0,0,-639,0,-1883;;
B114,10,0,0,938,0,878;;
B114,10,0,0,653,0,559;;
B114,10,0,0,79,0,1495;;
B114,10,0,0,116,0,-327;;
B114,10,0,0,365,0,-17;;
B114,10,0,0,-83,0,1513;;
B114,10,0,0,27,0,-520;;
B114,10,0,0,-871,0,661;;
B114,10,0,0,-1607,0,-1905;;
B114,10,0,0,925,0,-1327;;
B114,10,0,0,22,0,1494;;
B114,10,0,0,-1320,0,-656;;
B114,10,0,0,-1116,0,-1088;;
B114,10,0,0,615,0,1641;;
B114,10,0,0,-1786,0,-1614;;
B114,10,0,0,233,0,-323;;
B114,10,0,0,-52,0,1699;;
B114,10,0,0,-690,0,391;;
B114,10,0,0,1243,0,86;;
B114,10,0,0,-868,0,-1629;;
B114,10,0,0,-1545,0,1033;;
B114,10,0,0,-480,0,136;;
B114,10,0,0,1351,0,-1314;;
B114,10,0,0,-568,0,185;;
B114,10,0,0,-259,0,1078;;
B114,10,0,0,-179,0,-1840;;
B114,10,0,0,-1580,0,-1969;;
B114,10,0,0,1369,0,-1017;;
B114,10,0,0,-818,0,-261;;
B114,10,0,0,-100,0,1042;;
B114,10,0,0,-1208,0,-574;;
B114,10,0,0,867,0,378;;
B114,10,0,0,1357,0,-1696;;
B114,10,0,0,-799,0,-1405;;
B114,10,0,0,-1889,0,-1845;;
B114,10,0,0,-823,0,-1375;;
B114,10,0,0,66,0,-29;;
B114,10,0,0,-403,0,1680;;
B114,10,0,0,-1774,0,-1403;;
B114,10,0,0,-598,0,-64;;
B114,10,0,0,1491,0,517;;
B114,10,0,0,-1638,0,987;;
B114,10,0,0,-1995,0,-1173;;
B114,10,0,0,-641,0,678;;
B114,10,0,0,-465,0,216;;
B114,10,0,0,-127,0,1328;;
B114,10,0,0,-152,0,-1918;;
B114,10,0,0,1037,0,-255;;
B114,10,0,0,1156,0,1582;;
B114,10,0,0,1739,0,1725;;
B114,10,0,0,649,0,501;;
B114,10,0,0,-427,0,-1426;;
B114,10,0,0,1053,0,1644;;
B114,10,0,0,585,0,-1914;;
B114,10,0,0,786,0,577;;
B114,10,0,0,1041,0,1645;;
B114,10,0,0,-553,0,-1635;;
B114,10,0,0,-1082,0,1480;;
B114,10,0,0,-1629,0,-333;;
B114,10,0,0,1091,0,1261;;
B114,10,0,0,1459,0,1185;;
B114,10,0,0,-293,0,1114;;
B114,10,0,0,51,0,918;;
B114,10,0,0,960,0,460;;
B114,10,0,0,1014,0,1723;;
B114,10,0,0,-535,0,1917;;
B114,10,0,0,120,0,839;;
B114,10,0,0,-1426,0,-1374;;
B114,10,0,0,1491,0,991;;
B114,10,0,0,-550,0,-772;;
B114,10,0,0,1958,0,984;;
B114,10,0,0,80,0,123;;
B114,10,0,0,1898,0,1674;;
B114,10,0,0,-3,0,-1361;;
B114,10,0,0,-805,0,975;;
B114,10,0,0,1385,0,-176;;
B114,10,0,0,1450,0,-956;;
B114,10,0,0,1323,0,-1936;;
B114,10,0,0,392,0,-1592;;
B114,10,0,0,-1328,0,-1300;;
B114,10,0,0,977,0,-1107;;
B114,10,0,0,-93,0,1045;;
B114,10,0,0,1302,0,1150;;
B114,10,0,0,-1115,0,1458;;
B114,10,0,0,1738,0,-1590;;
B114,10,0,0,-1651,0,-1621;;
B114,10,0,0,-1547,0,-986;;
B114,10,0,0,682,0,1333;;
B114,10,0,0,-1620,0,-380;;
B114,10,0,0,-729,0,1304;;
B114,10,0,0,-369,0,1391;;
B114,10,0,0,-190,0,486;;
B114,10,0,0,-453,0,1652;;
B114,10,0,0,-537,0,1598;;
B114,10,0,0,-497,0,-852;;
B114,10,0,0,1725,0,1350;;
B114,10,0,0,-1847,0,1922;;
B114,10,0,0,921,0,1073;;
B114,10,0,0,1090,0,-1129;;
B114,10,0,0,-1217,0,1908;;
B114,10,0,0,-868,0,1336;;
B114,10,0,0,-1237,0,-867;;
B114,10,0,0,867,0,-1181;;
B114,10,0,0,682,0,582;;
B114,10,0,0,743,0,-1856;;
E9,8,0,-5,-140,0,-53;;
E8,4,0,-8,356,0,-75;;
E9,-9,0,0,-198,0,171;;
E9,0,0,-9,-135,0,-14;;
E8,7,0,6,197,0,-32;;
E8,9,0,1,145,0,452;;
E9,-1,0,9,-321,0,66;;
E9,3,0,-9,-154,0,-7;;
E8,-5,0,-8,331,0,473;;
E9,7,0,7,-157,0,-85;;
E8,8,0,5,161,0,126;;
E9,-5,0,-8,-174,0,333;;
E8,4,0,9,-597,0,-125;;
E8,-8,0,4,342,0,24;;
E9,-9,0,1,-109,0,-62;;
E9,2,0,9,-152,0,-129;;
E9,4,0,-8,-166,0,9;;
E9,-5,0,-8,-444,0,-606;;
E8,7,0,6,-342,0,11;;
E8,9,0,-4,-74,0,185;;
