B105,10,0,0,0,0,0;;
B201,10,0,0,713,0,2341;;
B201,10,0,0,-152,0,1652;;
B201,10,0,0,-2006,0,2283;;
B201,10,0,0,616,0,-1497;;
B201,10,0,0,2006,0,60;;
B201,10,0,0,742,0,-163;;
B201,10,0,0,-1845,0,665;;
B201,10,0,0,-136,0,-781;;
B201,10,0,0,-2421,0,-739;;
B201,10,0,0,1834,0,1527;;
B201,10,0,0,-929,0,436;;
B201,10,0,0,-1767,0,1863;;
B201,10,0,0,-1978,0,-1224;;
B201,10,0,0,1795,0,-122;;
B201,10,0,0,1714,0,1908;;
B201,10,0,0,705,0,1985;;
B201,10,0,0,200,0,2336;;
B201,10,0,0,-1555,0,830;;
B201,10,0,0,-123,0,-1047;;
B201,10,0,0,437,0,-503;;
B201,10,0,0,575,0,-1163;;
B201,10,0,0,-717,0,1372;;
B201,10,0,0,-768,0,-1290;;
B201,10,0,0,-850,0,1917;;
B201,10,0,0,19,0,413;;
B201,10,0,0,134,0,2029;;
B201,10,0,0,2048,0,-95;;
B201,10,0,0,-2254,0,-846;;
B201,10,0,0,1442,0,-477;;
B201,10,0,0,-1119,0,-2421;;
B201,10,0,0,1832,0,-2052;;
B201,10,0,0,2196,0,-2061;;
B201,10,0,0,2201,0,1628;;
B201,10,0,0,937,0,1907;;
B201,10,0,0,457,0,-583;;
B201,10,0,0,739,0,1855;;
B201,10,0,0,1921,0,-411;;
B201,10,0,0,-1018,0,-1960;;
B201,10,0,0,-286,0,1873;;
B201,10,0,0,1370,0,2132;;
B201,10,0,0,878,0,894;;
B201,10,0,0,-412,0,1598;;
B201,10,0,0,-593,0,-1085;;
B201,10,0,0,1108,0,-2442;;
B201,10,0,0,-2274,0,2067;;
B201,10,0,0,-2265,0,406;;
B201,10,0,0,-1159,0,2420;;
B201,10,0,0,-1140,0,-1418;;
B201,10,0,0,-1946,0,-2457;;
B201,10,0,0,-2071,0,-964;;
B201,10,0,0,969,0,1426;;
B201,10,0,0,1703,0,2274;;
B201,10,0,0,-1836,0,1888;;
B201,10,0,0,-484,0,-766;;
B201,10,0,0,227,0,2271;;
B201,10,0,0,305,0,-2319;;
B201,10,0,0,748,0,1331;;
B201,10,0,0,-1696,0,-357;;
B201,10,0,0,757,0,-1521;;
B201,10,0,0,2161,0,-1685;;
B201,10,0,0,-20,0,-811;;
B201,10,0,0,2083,0,1231;;
B201,10,0,0,-2099,0,1513;;
B201,10,0,0,-1106,0,1787;;
B201,10,0,0,2246,0,-978;;
B201,10,0,0,1002,0,-1558;;
B201,10,0,0,-852,0,-2321;;
B201,10,0,0,1918,0,-628;;
B201,10,0,0,1649,0,-187;;
B201,10,0,0,-685,0,-749;;
B201,10,0,0,-3,0,-563;;
B201,10,0,0,-2271,0,173;;
B201,10,0,0,-113,0,-1638;;
B201,10,0,0,71,0,-306;;
B201,10,0,0,1715,0,-1894;;
B201,10,0,0,1481,0,1948;;
B201,10,0,0,2420,0,959;;
B201,10,0,0,178,0,-2351;;
B201,10,0,0,1830,0,1305;;
B201,10,0,0,-425,0,-117;;
B201,10,0,0,980,0,-1827;;
B201,10,0,0,-1271,0,1982;;
B201,10,0,0,1636,0,-1458;;
B201,10,0,0,21,0,-522;;
B201,10,0,0,1722,0,192;;
B201,10,0,0,1575,0,853;;
B201,10,0,0,1567,0,2496;;
B201,10,0,0,-1113,0,1336;;
E7,-2538,0,1538,-265,0,219;;
E7,1281,0,268,116,0,92;;
E7,751,0,1728,63,0,238;;
E7,1301,0,-1921,118,0,-126;;
E7,-1688,0,1618,-180,0,227;;
E8,3,0,-9,-30,0,274;;
E8,6,0,-7,174,0,35;;
E8,4,0,8,-81,0,-70;;
E8,-7,0,-6,-203,0,30;;
E7,-3068,0,1408,-318,0,206;;
E7,-668,0,1978,-78,0,263;;
E7,641,0,2098,52,0,275;;
E7,831,0,678,71,0,133;;
E8,-4,0,-9,304,0,227;;
E8,5,0,-8,233,0,52;;
E7,1281,0,-1981,116,0,-132;;
E8,0,0,9,106,0,463;;
E7,-368,0,-1391,-48,0,-73;;
E8,-9,0,-1,-171,0,192;;
E7,440,0,-727,31,0,-7;;
