B101,10,0,0,100,0,0;;
B108,0,0,10,300,0,0;;
B108,0,0,10,-300,0,0;;
B108,10,0,0,0,0,300;;
B108,10,0,0,0,0,-300;;
B105,10,0,0,-100,0,0;;
B101,10,0,0,100,0,0;;
B108,0,0,10,300,0,0;;
B108,0,0,10,-300,0,0;;
B108,10,0,0,0,0,300;;
B108,10,0,0,0,0,-300;;
B105,10,0,0,-100,0,0;;
E2,0,0,10,-495,0,-672;;
E2,0,0,10,-319,0,-823;;
E2,0,0,10,-756,0,-466;;
E2,0,0,10,-159,0,-330;;
E2,0,0,10,144,0,-351;;
E2,0,0,10,427,0,-588;;
E2,0,0,10,-471,0,-315;;
E2,0,0,10,-546,0,712;;
E2,0,0,10,-696,0,-170;;
E2,0,0,10,-43,0,467;;
E2,0,0,10,-992,0,321;;
E2,0,0,10,666,0,-907;;
E2,0,0,10,661,0,-701;;
E2,0,0,10,-200,0,728;;
E2,-7,0,-7,529,0,760;;
E2,0,0,10,175,0,508;;
E2,-10,0,0,814,0,-89;;
E2,0,0,10,881,0,-112;;
E1,-9,0,2,-205,0,21;;
E1,-9,0,3,1748,0,-460;;
E1,3,0,-9,-1132,0,26;;
E1,-3,0,-9,1457,0,-300;;
E1,9,0,0,-415,0,816;;
E1,5,0,8,649,0,-425;;
E1,9,0,3,-905,0,-273;;
E1,-8,0,5,2346,0,982;;
E1,-7,0,-6,135,0,-98;;
E2,0,0,10,-495,0,-672;;
E2,0,0,10,-319,0,-823;;
E2,0,0,10,-756,0,-466;;
E2,0,0,10,-159,0,-330;;
E2,0,0,10,144,0,-351;;
E2,-10,0,0,426,0,-588;;
E2,0,0,10,-471,0,-315;;
E2,0,0,10,-546,0,712;;
E2,0,0,10,-696,0,-170;;
E2,0,0,10,-43,0,467;;
E2,0,0,10,-992,0,321;;
E2,0,0,10,666,0,-907;;
E2,-10,0,0,660,0,-701;;
E2,0,0,10,-200,0,728;;
E2,-7,0,-7,529,0,760;;
E2,0,0,10,175,0,508;;
E2,0,0,10,815,0,-89;;
E2,0,0,10,881,0,-112;;
E1,2,0,9,-307,0,-72;;
E1,-9,0,3,1745,0,-458;;
E1,3,0,-9,-1131,0,24;;
E1,-3,0,-9,1455,0,-302;;
E1,0,0,-9,-472,0,699;;
E1,4,0,9,653,0,-420;;
E1,9,0,3,-903,0,-272;;
E1,9,0,3,2221,0,950;;
E1,-5,0,8,-40,0,-177;;
