B114,10,0,0,186,0,-614;;
B114,10,0,0,600,0,578;;
B114,10,0,0,630,0,50;;
B114,10,0,0,697,0,-921;;
B114,10,0,0,417,0,-532;;
B114,10,0,0,-242,0,-30;;
B114,10,0,0,-209,0,935;;
B114,10,0,0,-900,0,966;;
B114,10,0,0,78,0,269;;
B114,10,0,0,-330,0,-174;;
B114,10,0,0,-447,0,-691;;
B114,10,0,0,-635,0,-409;;
B114,10,0,0,445,0,939;;
B114,10,0,0,-174,0,-851;;
B114,10,0,0,-367,0,-420;;
E8,-1,0,9,84,0,184;;
E9,0,0,-9,-159,0,-182;;
E9,-1,0,9,109,0,-61;;
E8,6,0,7,-330,0,48;;
E8,-2,0,9,52,0,183;;
E8,5,0,-8,295,0,-44;;
E9,1,0,-9,-399,0,-79;;
E8,9,0,-3,172,0,114;;
E9,4,0,-8,-184,0,-223;;
E9,0,0,9,-199,0,56;;
E9,7,0,7,-190,0,-437;;
E9,6,0,7,-390,0,-324;;
E9,-4,0,8,-382,0,-374;;
