B105,10,0,0,0,0,0;;
B201,10,0,0,465,0,-1932;;
B201,10,0,0,838,0,-1436;;
B201,10,0,0,1829,0,-1731;;
B201,10,0,0,141,0,1386;;
B201,10,0,0,-853,0,-378;;
B201,10,0,0,-196,0,-1372;;
B201,10,0,0,295,0,-377;;
B201,10,0,0,-489,0,-811;;
B201,10,0,0,-1318,0,572;;
B201,10,0,0,-1842,0,-909;;
B201,10,0,0,-764,0,1677;;
B201,10,0,0,171,0,-339;;
B201,10,0,0,-1507,0,656;;
B201,10,0,0,-204,0,-456;;
B201,10,0,0,1472,0,-1928;;
B201,10,0,0,-394,0,1052;;
B201,10,0,0,316,0,725;;
B201,10,0,0,-717,0,693;;
B201,10,0,0,420,0,408;;
B201,10,0,0,1650,0,-1821;;
B201,10,0,0,-301,0,1897;;
B201,10,0,0,1458,0,1703;;
B201,10,0,0,-602,0,-932;;
B201,10,0,0,-1860,0,-1575;;
B201,10,0,0,-908,0,-1785;;
E7,-498,0,-3444,-167,0,-116;;
E7,-728,0,-1104,-190,0,117;;
E8,8,0,-4,173,0,-68;;
E8,8,0,-4,-5,0,-64;;
E8,-9,0,4,-337,0,-147;;
E7,751,0,-914,-42,0,136;;
E8,-8,0,5,-202,0,275;;
E8,9,0,-4,61,0,226;;
E8,8,0,5,-13,0,305;;
E8,9,0,-3,179,0,265;;
E7,1181,0,-4024,0,0,-174;;
E8,-3,0,-9,110,0,-162;;
E7,-1388,0,-484,-256,0,179;;
E8,9,0,-3,227,0,221;;
E7,-1595,0,-1860,-277,0,41;;
E8,9,0,3,-217,0,243;;
E7,394,0,-1770,-78,0,50;;
E7,-1626,0,-2040,-280,0,23;;
E8,2,0,9,-227,0,92;;
E8,1,0,9,47,0,178;;
